Zadanie: [5 pkt.] znajdz klucz, a następnie zdeszyfruj kryptogram. Sufiks klucza to: c051458547a5e90f92ab9c17926e5d1895f6d05bd934ee279c5c39e5 (długości: 56):

iv: ab8fcf8359c6fe8947f1e4750b775aca


kryptogram: 2s0d1+h5DHyx7Wgk/BMx8bgKQRF5W821BrNGyYEkHt6l/tcQah782y3QbMBle5M6VVwac2PIdlkod0mHvbwlbjcm2FjkLiR+UeLzFeSExu5k4P3kY2LNTT4UA1y/noAEApVCAhyGBy04haMyaRxFZQbJwNAUMRl1pmJNhbHdP+YXmy9uzTAdIOxrFb7GBUXN4a+Wt72eGucWxKrW7hUPWg==

01000001 00010001 01111001 01011011 11001101 10110101 00000110 10110011 01000110 11001001 10000001 00100100 00011110 11011110 10100101 11111110 11010111 00010000 01101010 00011110 11111100 11011011 00101101 11010000 01101100 11000000 01100101 01111011 10010011 00111010 01010101 01011100 00011010 01110011 01100011 11001000 01110110 01011001 00101000 01110111 01001001 10000111 10111101 10111100 00100101 01101110 00110111 00100110 11011000 01011000 11100100 00101110 00100100 01111110 01010001 11100010 11110011 00010101 11100100 10000100 11000110 11101110 01100100 11100000 11111101 11100100 01100011 01100010 11001101 01001101 00111110 00010100 00000011 01011100 10111111 10011110 10000000 00000100 00000010 10010101 01000010 00000010 00011100 10000110 00000111 00101101 00111000 10000101 10100011 00110010 01101001 00011100 01000101 01100101 00000110 11001001 11000000 11010000 00010100 00110001 00011001 01110101 10100110 01100010 01001101 10000101 10110001 11011101 00111111 11100110 00010111 10011011 00101111 01101110 11001101 00110000 00011101 00100000 11101100 01101011 00010101 10111110 11000110 00000101 01000101 11001101 11100001 10101111 10010110 10110111 10111101 10011110 00011010 11100111 00010110 11000100 10101010 11010110 11101110 00010101 00001111 01011010

Wynik:

C:\Users\Magdalena\PycharmProjects\crypto\lab2>python ex1.py 2s0d1+h5DHyx7Wgk/BM
x8bgKQRF5W821BrNGyYEkHt6l/tcQah782y3QbMBle5M6VVwac2PIdlkod0mHvbwlbjcm2FjkLiR+UeL
zFeSExu5k4P3kY2LNTT4UA1y/noAEApVCAhyGBy04haMyaRxFZQbJwNAUMRl1pmJNhbHdP+YXmy9uzTA
dIOxrFb7GBUXN4a+Wt72eGucWxKrW7hUPWg== ab8fcf8359c6fe8947f1e4750b775aca c05145854
7a5e90f92ab9c17926e5d1895f6d05bd934ee279c5c39e5 8 3
675b4669c051458547a5e90f92ab9c17926e5d1895f6d05bd934ee279c5c39e5
Jak sie dowiadujemy, to wlasnie legendarny przywodca Solidarnosci ? wraz z Aleks
andrem Kwasniewskim ? namowil Bronislawa Komorowskiego na te prace.
12646.64634680748s

